$ANSIBLE_VAULT;1.1;AES256
63323730646634326134306139353034356638613163366137613439323861316662633561343330
3733343665343861376639623433653566363066643032320a666432393339343534623935386533
65623537626561353033316436303364623138663461376165623862366464336335623633383161
3538393336386232360a333635626138343166653564653537613839656333366633313435653431
38396465313739353133616131363437643232396438323463656630366137306137303862326534
30663737353837633262613435316163313634323164666438656432336662323266323262396631
65343564373864333631626632353337643631303038386432666334386161393662326163643161
37633861336665663339376334303763353963636639663632346132663636613737653565313564
61653934393431343266643231303531386461356630323736373634383735323830643339633037
62306335633861666662653665623064323966656164643230386131383935353231333263646431
62303237633137333066373035343930656164303533316366663865383866646463393530306133
36376337623562376462353166336235373038316263626166323431336662313439643131623633
33323734626566383339653338613532313261666161316137376531356134313761626635383035
35643161636335323035366631303539376266643331643766343665363938663334383862396434
303639666563663834383330333732646264
